 --------------------------------------------------------------
NAC d^x_IJ (CI part), a.u.
  Atom           X                 Y                 Z
 --------------------------------------------------------------
    1         -0.47744237       -0.57688827       -0.10616069  
    2          0.09092867        0.24724579        0.03929244  
    3         -0.59110319       -0.07621911        0.05273677  
    4          0.85199118        0.55351135       -0.12489604  
    5         -0.53365956        0.63513920        0.14665079  
    6          0.96729321        0.09573422       -0.03440594  
    7          0.56125375        0.47106073        0.02879642  
    8         -0.38573943       -0.42022780       -0.01834780  
    9         -0.29554756        0.02450877        0.01523598  
   10         -0.91851306       -0.03334053        0.02921170  
   11         -0.39244775        0.29973386        0.05842574  
   12          0.50091370       -0.40605333       -0.03103455  
   13         -0.62507337        0.01496074        0.04632311  
   14          0.79904713       -0.53039185       -0.13561829  
   15          0.11038220       -0.26120884        0.03485644  
   16         -0.48945654        0.59500362       -0.09282717  
   17          1.00358118       -0.05987249       -0.03883767  
   18         -0.57426343       -0.65569247        0.11454264  
   19         -1.09410907       -1.13629019       -0.11534125  
   20          2.50840230       -0.00077729        0.02041371  
   21         -1.08867779        1.21378007        0.03931192  
   22          0.04340968        0.00373557        0.03965507  
   23          0.05370375        0.00848619       -0.00121042  
   24          0.00200466        0.00505552       -0.00944438  
   25         -0.00307635        0.00318697        0.00869738  
   26         -0.00210051        0.00141866       -0.00715015  
   27         -0.00553585        0.00287139       -0.00269361  
   28         -0.00104721        0.00643175       -0.00061215  
   29         -0.00295292       -0.00696525       -0.01043074  
   30         -0.00398359       -0.00272168        0.00429556  
   31         -0.00090223       -0.00105431       -0.00201416  
   32         -0.00527434       -0.00248150       -0.00363626  
   33         -0.00427881       -0.01193917        0.00798362  
   34         -0.00219302       -0.00229985       -0.00112244  
   35         -0.00788639        0.00280408        0.00636604  
   36          0.00002246        0.01247393        0.00394457  
   37          0.02264488        0.00204358        0.01223970  
   38         -0.01036352       -0.00264053        0.00568001  
   39         -0.00179794        0.00387631        0.00362445  
   40          0.02271446       -0.00471903        0.01188180  
   41          0.00028781       -0.01093226        0.00456929  
   42         -0.01104752       -0.04840725       -0.00710142  
   43          0.02178860       -0.00055354        0.00464937  
   44         -0.01564791        0.05060081        0.00221480  
   45         -0.00122379       -0.00431519       -0.00257659  
   46         -0.00284963       -0.00004958       -0.00015910  
   47         -0.00067354       -0.00010242       -0.00024268  
   48         -0.00159118       -0.00054058        0.00001806  
   49         -0.00166822       -0.00536594        0.00278073  
   50         -0.00065565        0.00459186       -0.00202465  
   51         -0.00306798       -0.00024404        0.00075567  
   52         -0.00102467       -0.00024153        0.00001614  
   53         -0.00326083       -0.00006078       -0.00046825  
   54         -0.00023289        0.00434162        0.00318652  
 --------------------------------------------------------------
